0 	 0.027000
1 	 0.025000
2 	 0.016000
3 	 0.018000
4 	 0.025000
5 	 0.024000
6 	 0.034000
7 	 0.020000
8 	 0.025000
9 	 0.022000
10 	 0.024000
11 	 0.023000
12 	 0.030000
13 	 0.026000
14 	 0.025000
15 	 0.019000
16 	 0.031000
17 	 0.028000
18 	 0.026000
19 	 0.028000
20 	 0.034000
21 	 0.028000
22 	 0.033000
23 	 0.032000
24 	 0.025000
25 	 0.024000
26 	 0.023000
27 	 0.020000
28 	 0.023000
29 	 0.026000
30 	 0.022000
31 	 0.027000
32 	 0.023000
33 	 0.034000
34 	 0.031000
35 	 0.028000
36 	 0.022000
37 	 0.018000
38 	 0.023000
39 	 0.029000
40 	 0.021000
41 	 0.026000
42 	 0.026000
43 	 0.032000
44 	 0.030000
45 	 0.036000
46 	 0.039000
47 	 0.035000
48 	 0.037000
49 	 0.035000
50 	 0.038000
51 	 0.042000
52 	 0.027000
53 	 0.027000
54 	 0.031000
55 	 0.032000
56 	 0.038000
57 	 0.036000
58 	 0.031000
59 	 0.022000
60 	 0.033000
61 	 0.023000
62 	 0.014000
63 	 0.026000
64 	 0.020000
65 	 0.023000
66 	 0.012000
67 	 0.016000
68 	 0.026000
69 	 0.025000
70 	 0.025000
71 	 0.025000
72 	 0.025000
73 	 0.028000
74 	 0.021000
75 	 0.024000
76 	 0.035000
77 	 0.032000
78 	 0.032000
79 	 0.029000
80 	 0.034000
81 	 0.025000
82 	 0.039000
83 	 0.034000
84 	 0.031000
85 	 0.038000
86 	 0.037000
87 	 0.045000
88 	 0.037000
89 	 0.036000
90 	 0.028000
91 	 0.025000
92 	 0.027000
93 	 0.022000
94 	 0.033000
95 	 0.021000
96 	 0.018000
97 	 0.014000
98 	 0.012000
99 	 0.016000
100 	 0.013000
101 	 0.015000
102 	 0.015000
103 	 0.013000
104 	 0.015000
105 	 0.017000
106 	 0.026000
107 	 0.025000
108 	 0.019000
109 	 0.026000
110 	 0.034000
111 	 0.030000
112 	 0.020000
113 	 0.028000
114 	 0.031000
115 	 0.039000
116 	 0.039000
117 	 0.051000
118 	 0.032000
119 	 0.034000
120 	 0.030000
121 	 0.039000
122 	 0.032000
123 	 0.024000
124 	 0.022000
125 	 0.017000
126 	 0.016000
127 	 0.018000
128 	 0.017000
129 	 0.012000
130 	 0.007000
131 	 0.006000
132 	 0.003000
133 	 0.004000
134 	 0.007000
135 	 0.010000
136 	 0.011000
137 	 0.015000
138 	 0.019000
139 	 0.022000
140 	 0.020000
141 	 0.018000
142 	 0.025000
143 	 0.016000
144 	 0.017000
145 	 0.014000
146 	 0.013000
147 	 0.007000
148 	 0.015000
149 	 0.012000
150 	 0.012000
151 	 0.011000
152 	 0.014000
153 	 0.019000
154 	 0.017000
155 	 0.015000
156 	 0.014000
157 	 0.010000
158 	 0.013000
159 	 0.014000
160 	 0.017000
161 	 0.012000
162 	 0.011000
163 	 0.013000
164 	 0.011000
165 	 0.008000
166 	 0.010000
167 	 0.007000
168 	 0.005000
169 	 0.006000
170 	 0.008000
171 	 0.010000
172 	 0.011000
173 	 0.011000
174 	 0.006000
175 	 0.006000
176 	 0.005000
177 	 0.004000
178 	 0.006000
179 	 0.008000
180 	 0.007000
181 	 0.006000
182 	 0.008000
183 	 0.016000
184 	 0.019000
185 	 0.016000
186 	 0.027000
187 	 0.018000
188 	 0.019000
189 	 0.021000
190 	 0.017000
191 	 0.018000
192 	 0.020000
193 	 0.017000
194 	 0.013000
195 	 0.011000
196 	 0.004000
197 	 0.008000
198 	 0.010000
199 	 0.011000
200 	 0.016000
201 	 0.014000
202 	 0.014000
203 	 0.009000
204 	 0.009000
205 	 0.009000
206 	 0.007000
207 	 0.006000
208 	 0.006000
209 	 0.003000
210 	 0.003000
211 	 0.005000
212 	 0.003000
213 	 0.006000
214 	 0.002000
215 	 0.003000
216 	 0.005000
217 	 0.005000
218 	 0.006000
219 	 0.003000
220 	 0.005000
221 	 0.004000
222 	 0.005000
223 	 0.002000
224 	 0.004000
225 	 0.008000
226 	 0.011000
227 	 0.016000
228 	 0.017000
229 	 0.012000
230 	 0.021000
231 	 0.015000
232 	 0.026000
233 	 0.021000
234 	 0.032000
235 	 0.022000
236 	 0.016000
237 	 0.011000
238 	 0.010000
239 	 0.008000
240 	 0.011000
241 	 0.015000
242 	 0.009000
243 	 0.016000
244 	 0.014000
245 	 0.017000
246 	 0.011000
247 	 0.009000
248 	 0.015000
249 	 0.013000
250 	 0.013000
251 	 0.022000
252 	 0.015000
253 	 0.013000
254 	 0.020000
255 	 0.027000
256 	 0.031000
257 	 0.031000
258 	 0.028000
259 	 0.025000
260 	 0.018000
261 	 0.016000
262 	 0.020000
263 	 0.024000
264 	 0.030000
265 	 0.026000
266 	 0.033000
267 	 0.032000
268 	 0.034000
269 	 0.044000
270 	 0.050000
271 	 0.041000
272 	 0.029000
273 	 0.031000
274 	 0.024000
275 	 0.017000
276 	 0.019000
277 	 0.019000
278 	 0.027000
279 	 0.035000
280 	 0.037000
281 	 0.039000
282 	 0.030000
283 	 0.024000
284 	 0.029000
285 	 0.031000
286 	 0.032000
287 	 0.026000
288 	 0.033000
289 	 0.034000
290 	 0.037000
291 	 0.042000
292 	 0.032000
293 	 0.034000
294 	 0.024000
295 	 0.034000
296 	 0.029000
297 	 0.026000
298 	 0.034000
299 	 0.023000
300 	 0.031000
301 	 0.028000
302 	 0.025000
303 	 0.024000
304 	 0.030000
305 	 0.022000
306 	 0.024000
307 	 0.028000
308 	 0.033000
309 	 0.029000
310 	 0.031000
311 	 0.027000
312 	 0.034000
313 	 0.033000
314 	 0.017000
315 	 0.019000
316 	 0.025000
317 	 0.036000
318 	 0.028000
319 	 0.035000
320 	 0.043000
321 	 0.035000
322 	 0.030000
323 	 0.033000
324 	 0.025000
325 	 0.029000
326 	 0.041000
327 	 0.020000
328 	 0.018000
329 	 0.021000
330 	 0.020000
331 	 0.019000
332 	 0.021000
333 	 0.025000
334 	 0.026000
335 	 0.017000
336 	 0.017000
337 	 0.023000
338 	 0.026000
339 	 0.025000
340 	 0.019000
341 	 0.023000
342 	 0.017000
343 	 0.029000
344 	 0.027000
345 	 0.026000
346 	 0.030000
347 	 0.023000
348 	 0.023000
349 	 0.020000
350 	 0.014000
351 	 0.016000
352 	 0.013000
353 	 0.008000
354 	 0.011000
355 	 0.012000
356 	 0.010000
357 	 0.008000
358 	 0.010000
359 	 0.005000
360 	 0.012000
361 	 0.006000
362 	 0.009000
363 	 0.012000
364 	 0.017000
365 	 0.013000
366 	 0.024000
367 	 0.024000
368 	 0.020000
369 	 0.013000
370 	 0.013000
371 	 0.011000
372 	 0.012000
373 	 0.015000
374 	 0.019000
375 	 0.021000
376 	 0.025000
377 	 0.021000
378 	 0.022000
379 	 0.020000
380 	 0.029000
381 	 0.035000
382 	 0.027000
383 	 0.019000
384 	 0.017000
385 	 0.019000
386 	 0.015000
387 	 0.014000
388 	 0.017000
389 	 0.016000
390 	 0.013000
391 	 0.008000
392 	 0.009000
393 	 0.008000
394 	 0.015000
395 	 0.019000
396 	 0.021000
397 	 0.017000
398 	 0.018000
399 	 0.018000
400 	 0.023000
401 	 0.023000
402 	 0.023000
403 	 0.024000
404 	 0.024000
405 	 0.027000
406 	 0.027000
407 	 0.023000
408 	 0.018000
409 	 0.016000
410 	 0.019000
411 	 0.019000
412 	 0.026000
413 	 0.022000
414 	 0.019000
415 	 0.024000
416 	 0.020000
417 	 0.017000
418 	 0.022000
419 	 0.022000
420 	 0.021000
421 	 0.027000
422 	 0.027000
423 	 0.032000
424 	 0.034000
425 	 0.024000
426 	 0.029000
427 	 0.018000
428 	 0.024000
429 	 0.017000
430 	 0.020000
431 	 0.023000
432 	 0.022000
433 	 0.016000
434 	 0.025000
435 	 0.028000
436 	 0.027000
437 	 0.033000
438 	 0.035000
439 	 0.032000
440 	 0.028000
441 	 0.032000
442 	 0.035000
443 	 0.023000
444 	 0.030000
445 	 0.030000
446 	 0.026000
447 	 0.031000
448 	 0.034000
449 	 0.027000
450 	 0.025000
451 	 0.030000
452 	 0.034000
453 	 0.031000
454 	 0.024000
455 	 0.016000
456 	 0.015000
457 	 0.020000
458 	 0.030000
459 	 0.025000
460 	 0.018000
461 	 0.014000
462 	 0.022000
463 	 0.029000
464 	 0.036000
465 	 0.029000
466 	 0.023000
467 	 0.022000
468 	 0.018000
469 	 0.020000
470 	 0.014000
471 	 0.017000
472 	 0.012000
473 	 0.013000
474 	 0.015000
475 	 0.016000
476 	 0.008000
477 	 0.014000
478 	 0.020000
479 	 0.017000
480 	 0.026000
481 	 0.023000
482 	 0.025000
483 	 0.027000
484 	 0.022000
485 	 0.018000
486 	 0.017000
487 	 0.010000
488 	 0.009000
489 	 0.012000
490 	 0.016000
491 	 0.012000
492 	 0.010000
493 	 0.014000
494 	 0.017000
495 	 0.016000
496 	 0.018000
497 	 0.014000
498 	 0.010000
499 	 0.009000
500 	 0.014000
501 	 0.009000
502 	 0.010000
503 	 0.006000
504 	 0.011000
505 	 0.009000
506 	 0.009000
507 	 0.011000
508 	 0.013000
509 	 0.015000
510 	 0.017000
511 	 0.016000
512 	 0.015000
513 	 0.015000
514 	 0.021000
515 	 0.016000
516 	 0.021000
517 	 0.026000
518 	 0.027000
519 	 0.016000
520 	 0.015000
521 	 0.018000
522 	 0.020000
523 	 0.017000
524 	 0.018000
525 	 0.010000
526 	 0.015000
527 	 0.014000
528 	 0.011000
529 	 0.011000
530 	 0.009000
531 	 0.009000
532 	 0.018000
533 	 0.016000
534 	 0.022000
535 	 0.017000
536 	 0.022000
537 	 0.014000
538 	 0.020000
539 	 0.017000
540 	 0.024000
541 	 0.022000
542 	 0.032000
543 	 0.028000
544 	 0.025000
545 	 0.032000
546 	 0.031000
547 	 0.032000
548 	 0.018000
549 	 0.020000
550 	 0.033000
551 	 0.030000
552 	 0.023000
553 	 0.034000
554 	 0.027000
555 	 0.022000
556 	 0.035000
557 	 0.038000
558 	 0.030000
559 	 0.029000
560 	 0.031000
561 	 0.032000
562 	 0.018000
563 	 0.031000
564 	 0.033000
565 	 0.028000
566 	 0.022000
567 	 0.027000
568 	 0.026000
569 	 0.035000
570 	 0.028000
571 	 0.032000
572 	 0.032000
573 	 0.035000
574 	 0.038000
575 	 0.030000
576 	 0.026000
577 	 0.032000
578 	 0.039000
579 	 0.038000
580 	 0.034000
581 	 0.025000
582 	 0.030000
583 	 0.032000
584 	 0.023000
585 	 0.023000
586 	 0.023000
587 	 0.028000
588 	 0.024000
589 	 0.019000
590 	 0.020000
591 	 0.019000
592 	 0.026000
593 	 0.036000
594 	 0.024000
595 	 0.028000
596 	 0.033000
597 	 0.031000
598 	 0.027000
599 	 0.038000
600 	 0.035000
601 	 0.036000
602 	 0.033000
603 	 0.033000
604 	 0.035000
605 	 0.035000
606 	 0.035000
607 	 0.032000
608 	 0.030000
609 	 0.029000
610 	 0.026000
611 	 0.021000
612 	 0.022000
613 	 0.029000
614 	 0.038000
615 	 0.039000
616 	 0.033000
617 	 0.032000
618 	 0.022000
619 	 0.023000
620 	 0.016000
621 	 0.024000
622 	 0.024000
623 	 0.018000
624 	 0.016000
625 	 0.014000
626 	 0.016000
627 	 0.020000
628 	 0.028000
629 	 0.024000
630 	 0.029000
631 	 0.036000
632 	 0.020000
633 	 0.026000
634 	 0.015000
635 	 0.010000
636 	 0.005000
637 	 0.009000
638 	 0.005000
639 	 0.004000
640 	 0.009000
641 	 0.010000
642 	 0.008000
643 	 0.011000
644 	 0.015000
645 	 0.014000
646 	 0.007000
647 	 0.013000
648 	 0.012000
649 	 0.014000
650 	 0.011000
651 	 0.009000
652 	 0.014000
653 	 0.018000
654 	 0.014000
655 	 0.014000
656 	 0.012000
657 	 0.017000
658 	 0.008000
659 	 0.013000
660 	 0.010000
661 	 0.006000
662 	 0.005000
663 	 0.007000
664 	 0.009000
665 	 0.019000
666 	 0.021000
667 	 0.019000
668 	 0.019000
669 	 0.018000
670 	 0.014000
671 	 0.010000
672 	 0.014000
673 	 0.012000
674 	 0.016000
675 	 0.013000
676 	 0.014000
677 	 0.017000
678 	 0.018000
679 	 0.014000
680 	 0.022000
681 	 0.018000
682 	 0.022000
683 	 0.021000
684 	 0.011000
685 	 0.016000
686 	 0.015000
687 	 0.012000
688 	 0.010000
689 	 0.012000
690 	 0.017000
691 	 0.014000
692 	 0.014000
693 	 0.015000
694 	 0.016000
695 	 0.015000
696 	 0.021000
697 	 0.014000
698 	 0.018000
699 	 0.018000
700 	 0.017000
701 	 0.013000
702 	 0.015000
703 	 0.017000
704 	 0.012000
705 	 0.017000
706 	 0.018000
707 	 0.020000
708 	 0.018000
709 	 0.015000
710 	 0.026000
711 	 0.028000
712 	 0.031000
713 	 0.032000
714 	 0.021000
715 	 0.025000
716 	 0.019000
717 	 0.020000
718 	 0.027000
719 	 0.026000
720 	 0.022000
721 	 0.022000
722 	 0.018000
723 	 0.023000
724 	 0.018000
725 	 0.022000
726 	 0.027000
727 	 0.024000
728 	 0.026000
729 	 0.026000
730 	 0.018000
731 	 0.028000
732 	 0.023000
733 	 0.028000
734 	 0.024000
735 	 0.035000
736 	 0.018000
737 	 0.016000
738 	 0.013000
739 	 0.019000
740 	 0.019000
741 	 0.022000
742 	 0.020000
743 	 0.025000
744 	 0.029000
745 	 0.030000
746 	 0.037000
747 	 0.031000
748 	 0.018000
749 	 0.013000
750 	 0.016000
751 	 0.011000
752 	 0.012000
753 	 0.014000
754 	 0.017000
755 	 0.016000
756 	 0.015000
757 	 0.011000
758 	 0.014000
759 	 0.016000
760 	 0.012000
761 	 0.013000
762 	 0.014000
763 	 0.009000
764 	 0.011000
765 	 0.014000
766 	 0.016000
767 	 0.018000
768 	 0.023000
769 	 0.022000
770 	 0.027000
771 	 0.028000
772 	 0.031000
773 	 0.027000
774 	 0.020000
775 	 0.020000
776 	 0.033000
777 	 0.021000
778 	 0.017000
779 	 0.017000
780 	 0.015000
781 	 0.016000
782 	 0.023000
783 	 0.018000
784 	 0.018000
785 	 0.019000
786 	 0.025000
787 	 0.023000
788 	 0.030000
789 	 0.019000
790 	 0.018000
791 	 0.015000
792 	 0.019000
793 	 0.017000
794 	 0.012000
795 	 0.014000
796 	 0.008000
797 	 0.008000
798 	 0.007000
799 	 0.012000
800 	 0.012000
801 	 0.011000
802 	 0.015000
803 	 0.014000
804 	 0.011000
805 	 0.007000
806 	 0.010000
807 	 0.012000
808 	 0.008000
809 	 0.012000
810 	 0.019000
811 	 0.010000
812 	 0.021000
813 	 0.018000
814 	 0.019000
815 	 0.019000
816 	 0.024000
817 	 0.029000
818 	 0.028000
819 	 0.025000
820 	 0.030000
821 	 0.023000
822 	 0.024000
823 	 0.021000
824 	 0.030000
825 	 0.024000
826 	 0.024000
827 	 0.020000
828 	 0.028000
829 	 0.033000
830 	 0.023000
831 	 0.016000
832 	 0.021000
833 	 0.018000
834 	 0.021000
835 	 0.027000
836 	 0.024000
837 	 0.019000
838 	 0.008000
839 	 0.011000
840 	 0.006000
841 	 0.007000
842 	 0.013000
843 	 0.008000
844 	 0.009000
845 	 0.010000
846 	 0.009000
847 	 0.008000
848 	 0.009000
849 	 0.009000
850 	 0.007000
851 	 0.006000
852 	 0.005000
853 	 0.004000
854 	 0.005000
855 	 0.008000
856 	 0.013000
857 	 0.006000
858 	 0.004000
859 	 0.006000
860 	 0.005000
861 	 0.006000
862 	 0.007000
863 	 0.004000
864 	 0.003000
865 	 0.011000
866 	 0.015000
867 	 0.008000
868 	 0.010000
869 	 0.006000
870 	 0.008000
871 	 0.008000
872 	 0.006000
873 	 0.005000
874 	 0.013000
875 	 0.013000
876 	 0.021000
877 	 0.025000
878 	 0.029000
879 	 0.030000
880 	 0.029000
881 	 0.028000
882 	 0.023000
883 	 0.025000
884 	 0.030000
885 	 0.030000
886 	 0.025000
887 	 0.029000
888 	 0.028000
889 	 0.028000
890 	 0.023000
891 	 0.022000
892 	 0.026000
893 	 0.029000
894 	 0.033000
895 	 0.032000
896 	 0.024000
897 	 0.039000
898 	 0.036000
899 	 0.031000
900 	 0.034000
901 	 0.037000
902 	 0.035000
903 	 0.032000
904 	 0.034000
905 	 0.031000
906 	 0.027000
907 	 0.028000
908 	 0.021000
909 	 0.034000
910 	 0.025000
911 	 0.024000
912 	 0.033000
913 	 0.033000
914 	 0.024000
915 	 0.025000
916 	 0.023000
917 	 0.022000
918 	 0.018000
919 	 0.017000
920 	 0.025000
921 	 0.023000
922 	 0.018000
923 	 0.015000
924 	 0.014000
925 	 0.019000
926 	 0.027000
927 	 0.020000
928 	 0.022000
929 	 0.018000
930 	 0.020000
931 	 0.024000
932 	 0.022000
933 	 0.018000
934 	 0.022000
935 	 0.017000
936 	 0.023000
937 	 0.023000
938 	 0.021000
939 	 0.025000
940 	 0.018000
941 	 0.021000
942 	 0.019000
943 	 0.026000
944 	 0.028000
945 	 0.021000
946 	 0.028000
947 	 0.027000
948 	 0.027000
949 	 0.021000
950 	 0.023000
951 	 0.027000
952 	 0.026000
953 	 0.029000
954 	 0.031000
955 	 0.030000
956 	 0.025000
957 	 0.027000
958 	 0.029000
959 	 0.034000
960 	 0.026000
961 	 0.035000
962 	 0.045000
963 	 0.035000
964 	 0.031000
965 	 0.035000
966 	 0.026000
967 	 0.023000
968 	 0.026000
969 	 0.032000
970 	 0.025000
971 	 0.032000
972 	 0.046000
973 	 0.040000
974 	 0.038000
975 	 0.045000
976 	 0.038000
977 	 0.031000
978 	 0.036000
979 	 0.029000
980 	 0.021000
981 	 0.019000
982 	 0.020000
983 	 0.022000
984 	 0.021000
985 	 0.014000
986 	 0.021000
987 	 0.025000
988 	 0.024000
989 	 0.024000
990 	 0.028000
991 	 0.032000
992 	 0.025000
993 	 0.026000
994 	 0.029000
995 	 0.029000
996 	 0.026000
997 	 0.012000
998 	 0.018000
999 	 0.024000
1000 	 0.026000
1001 	 0.018000
1002 	 0.030000
1003 	 0.037000
1004 	 0.026000
1005 	 0.030000
1006 	 0.030000
1007 	 0.029000
1008 	 0.041000
1009 	 0.027000
1010 	 0.027000
1011 	 0.027000
1012 	 0.031000
1013 	 0.028000
1014 	 0.033000
1015 	 0.039000
1016 	 0.039000
1017 	 0.037000
1018 	 0.032000
1019 	 0.034000
1020 	 0.036000
1021 	 0.031000
1022 	 0.029000
1023 	 0.024000
1024 	 0.029000
1025 	 0.033000
1026 	 0.030000
1027 	 0.030000
1028 	 0.032000
1029 	 0.028000
1030 	 0.034000
1031 	 0.031000
1032 	 0.039000
1033 	 0.034000
1034 	 0.031000
1035 	 0.038000
1036 	 0.038000
1037 	 0.035000
1038 	 0.033000
1039 	 0.034000
1040 	 0.038000
1041 	 0.033000
1042 	 0.030000
1043 	 0.031000
1044 	 0.028000
1045 	 0.017000
1046 	 0.028000
1047 	 0.025000
1048 	 0.029000
1049 	 0.031000
1050 	 0.028000
1051 	 0.020000
1052 	 0.021000
1053 	 0.020000
1054 	 0.021000
1055 	 0.016000
1056 	 0.011000
1057 	 0.010000
1058 	 0.013000
1059 	 0.011000
1060 	 0.016000
1061 	 0.015000
1062 	 0.015000
1063 	 0.016000
1064 	 0.014000
1065 	 0.015000
1066 	 0.017000
1067 	 0.016000
1068 	 0.014000
1069 	 0.013000
1070 	 0.019000
1071 	 0.010000
1072 	 0.010000
1073 	 0.009000
1074 	 0.009000
1075 	 0.008000
1076 	 0.004000
1077 	 0.004000
1078 	 0.001000
1079 	 0.001000
1080 	 0.001000
1081 	 0.001000
1082 	 0.003000
1083 	 0.001000
1084 	 0.003000
1085 	 0.004000
1086 	 0.004000
1087 	 0.006000
1088 	 0.006000
1089 	 0.006000
1090 	 0.009000
1091 	 0.008000
1092 	 0.002000
1093 	 0.005000
1094 	 0.004000
1095 	 0.003000
1096 	 0.002000
1097 	 0.001000
1098 	 0.000000
1099 	 0.000000
1100 	 0.000000
1101 	 0.000000
1102 	 0.000000
1103 	 0.000000
1104 	 0.000000
1105 	 0.000000
1106 	 0.000000
1107 	 0.000000
1108 	 0.000000
1109 	 0.000000
1110 	 0.000000
1111 	 0.000000
1112 	 0.000000
1113 	 0.000000
1114 	 0.000000
1115 	 0.000000
1116 	 0.000000
1117 	 0.000000
1118 	 0.000000
1119 	 0.000000
1120 	 0.000000
1121 	 0.000000
1122 	 0.000000
1123 	 0.000000
1124 	 0.000000
1125 	 0.000000
1126 	 0.000000
1127 	 0.000000
1128 	 0.000000
1129 	 0.000000
1130 	 0.000000
1131 	 0.000000
1132 	 0.000000
1133 	 0.000000
1134 	 0.000000
1135 	 0.000000
1136 	 0.000000
1137 	 0.000000
1138 	 0.000000
1139 	 0.000000
1140 	 0.000000
1141 	 0.000000
1142 	 0.000000
1143 	 0.000000
1144 	 0.000000
1145 	 0.000000
1146 	 0.000000
1147 	 0.000000
1148 	 0.000000
1149 	 0.000000
1150 	 0.000000
1151 	 0.000000
1152 	 0.000000
1153 	 0.000000
1154 	 0.000000
1155 	 0.000000
1156 	 0.000000
1157 	 0.000000
1158 	 0.000000
1159 	 0.000000
1160 	 0.000000
1161 	 0.000000
1162 	 0.000000
1163 	 0.000000
1164 	 0.000000
1165 	 0.000000
1166 	 0.000000
1167 	 0.000000
1168 	 0.000000
1169 	 0.000000
1170 	 0.000000
1171 	 0.000000
1172 	 0.000000
1173 	 0.000000
1174 	 0.000000
1175 	 0.000000
1176 	 0.000000
1177 	 0.000000
1178 	 0.000000
1179 	 0.000000
1180 	 0.000000
1181 	 0.000000
1182 	 0.000000
1183 	 0.000000
1184 	 0.000000
1185 	 0.000000
1186 	 0.000000
1187 	 0.000000
1188 	 0.000000
1189 	 0.000000
1190 	 0.000000
1191 	 0.000000
1192 	 0.000000
1193 	 0.000000
1194 	 0.000000
1195 	 0.000000
1196 	 0.000000
1197 	 0.000000
1198 	 0.000000
1199 	 0.000000
1200 	 0.000000
1201 	 0.000000
1202 	 0.000000
1203 	 0.000000
1204 	 0.000000
1205 	 0.000000
1206 	 0.000000
1207 	 0.000000
1208 	 0.000000
1209 	 0.000000
1210 	 0.000000
1211 	 0.000000
1212 	 0.000000
1213 	 0.000000
1214 	 0.000000
1215 	 0.000000
1216 	 0.000000
1217 	 0.000000
1218 	 0.000000
1219 	 0.000000
1220 	 0.000000
1221 	 0.000000
1222 	 0.000000
1223 	 0.000000
1224 	 0.000000
1225 	 0.000000
1226 	 0.000000
1227 	 0.000000
1228 	 0.000000
1229 	 0.000000
1230 	 0.000000
1231 	 0.000000
1232 	 0.000000
1233 	 0.000000
1234 	 0.000000
1235 	 0.000000
1236 	 0.000000
1237 	 0.000000
1238 	 0.000000
1239 	 0.000000
1240 	 0.000000
1241 	 0.000000
1242 	 0.000000
1243 	 0.000000
1244 	 0.000000
1245 	 0.000000
1246 	 0.000000
1247 	 0.000000
1248 	 0.000000
1249 	 0.000000
1250 	 0.000000
1251 	 0.000000
1252 	 0.000000
1253 	 0.000000
1254 	 0.000000
1255 	 0.000000
1256 	 0.000000
1257 	 0.000000
1258 	 0.000000
1259 	 0.000000
1260 	 0.000000
1261 	 0.000000
1262 	 0.000000
1263 	 0.000000
1264 	 0.000000
1265 	 0.000000
1266 	 0.000000
1267 	 0.000000
1268 	 0.000000
1269 	 0.000000
1270 	 0.000000
1271 	 0.000000
1272 	 0.000000
1273 	 0.000000
1274 	 0.000000
1275 	 0.000000
1276 	 0.000000
1277 	 0.000000
1278 	 0.000000
1279 	 0.000000
1280 	 0.000000
1281 	 0.000000
1282 	 0.000000
1283 	 0.000000
1284 	 0.000000
1285 	 0.000000
1286 	 0.000000
1287 	 0.000000
1288 	 0.000000
1289 	 0.000000
1290 	 0.000000
1291 	 0.000000
1292 	 0.000000
1293 	 0.000000
1294 	 0.000000
1295 	 0.000000
1296 	 0.000000
1297 	 0.000000
1298 	 0.000000
1299 	 0.000000
1300 	 0.000000
1301 	 0.000000
1302 	 0.000000
1303 	 0.000000
1304 	 0.000000
1305 	 0.000000
1306 	 0.000000
1307 	 0.000000
1308 	 0.000000
1309 	 0.000000
1310 	 0.000000
1311 	 0.000000
1312 	 0.000000
1313 	 0.000000
1314 	 0.000000
1315 	 0.000000
1316 	 0.000000
1317 	 0.000000
1318 	 0.000000
1319 	 0.000000
1320 	 0.000000
1321 	 0.000000
1322 	 0.000000
1323 	 0.000000
1324 	 0.000000
1325 	 0.000000
1326 	 0.000000
1327 	 0.000000
1328 	 0.000000
1329 	 0.000000
1330 	 0.000000
1331 	 0.000000
1332 	 0.000000
1333 	 0.000000
1334 	 0.000000
1335 	 0.000000
1336 	 0.000000
1337 	 0.000000
1338 	 0.000000
1339 	 0.000000
1340 	 0.000000
1341 	 0.000000
1342 	 0.000000
1343 	 0.000000
1344 	 0.000000
1345 	 0.000000
1346 	 0.000000
1347 	 0.000000
1348 	 0.000000
1349 	 0.000000
1350 	 0.000000
1351 	 0.000000
1352 	 0.000000
1353 	 0.000000
1354 	 0.000000
1355 	 0.000000
1356 	 0.000000
1357 	 0.000000
1358 	 0.000000
1359 	 0.000000
1360 	 0.000000
1361 	 0.000000
1362 	 0.000000
1363 	 0.000000
1364 	 0.000000
1365 	 0.000000
1366 	 0.000000
1367 	 0.000000
1368 	 0.000000
1369 	 0.000000
1370 	 0.000000
1371 	 0.000000
1372 	 0.000000
1373 	 0.000000
1374 	 0.000000
1375 	 0.000000
1376 	 0.000000
1377 	 0.000000
1378 	 0.000000
1379 	 0.000000
1380 	 0.000000
1381 	 0.000000
1382 	 0.000000
1383 	 0.000000
1384 	 0.000000
1385 	 0.000000
1386 	 0.000000
1387 	 0.000000
1388 	 0.000000
1389 	 0.000000
1390 	 0.000000
1391 	 0.000000
1392 	 0.000000
1393 	 0.000000
1394 	 0.000000
1395 	 0.000000
1396 	 0.000000
1397 	 0.000000
1398 	 0.000000
1399 	 0.000000
1400 	 0.000000
1401 	 0.000000
1402 	 0.000000
1403 	 0.000000
1404 	 0.000000
1405 	 0.000000
1406 	 0.000000
1407 	 0.000000
1408 	 0.000000
1409 	 0.000000
1410 	 0.000000
1411 	 0.000000
1412 	 0.000000
1413 	 0.000000
1414 	 0.000000
1415 	 0.000000
1416 	 0.000000
1417 	 0.000000
1418 	 0.000000
1419 	 0.000000
1420 	 0.000000
1421 	 0.000000
1422 	 0.000000
1423 	 0.000000
1424 	 0.000000
1425 	 0.000000
1426 	 0.000000
1427 	 0.000000
1428 	 0.000000
1429 	 0.000000
1430 	 0.000000
1431 	 0.000000
1432 	 0.000000
1433 	 0.000000
1434 	 0.000000
1435 	 0.000000
1436 	 0.000000
1437 	 0.000000
1438 	 0.000000
1439 	 0.000000
1440 	 0.000000
1441 	 0.000000
1442 	 0.000000
1443 	 0.000000
1444 	 0.000000
1445 	 0.000000
1446 	 0.000000
1447 	 0.000000
1448 	 0.000000
1449 	 0.000000
1450 	 0.000000
1451 	 0.000000
1452 	 0.000000
1453 	 0.000000
1454 	 0.000000
1455 	 0.000000
1456 	 0.000000
1457 	 0.000000
1458 	 0.000000
1459 	 0.000000
1460 	 0.000000
1461 	 0.000000
1462 	 0.000000
1463 	 0.000000
1464 	 0.000000
1465 	 0.000000
1466 	 0.000000
1467 	 0.000000
1468 	 0.000000
1469 	 0.000000
1470 	 0.000000
1471 	 0.000000
1472 	 0.000000
1473 	 0.000000
1474 	 0.000000
1475 	 0.000000
1476 	 0.000000
1477 	 0.000000
1478 	 0.000000
1479 	 0.000000
1480 	 0.000000
1481 	 0.000000
1482 	 0.000000
1483 	 0.000000
1484 	 0.000000
1485 	 0.000000
1486 	 0.000000
1487 	 0.000000
1488 	 0.000000
1489 	 0.000000
1490 	 0.000000
1491 	 0.000000
1492 	 0.000000
1493 	 0.000000
1494 	 0.000000
1495 	 0.000000
1496 	 0.000000
1497 	 0.000000
1498 	 0.000000
1499 	 0.000000
1500 	 0.000000
1501 	 0.000000
1502 	 0.000000
1503 	 0.000000
1504 	 0.000000
1505 	 0.000000
1506 	 0.000000
1507 	 0.000000
1508 	 0.000000
1509 	 0.000000
1510 	 0.000000
1511 	 0.000000
1512 	 0.000000
1513 	 0.000000
1514 	 0.000000
1515 	 0.000000
1516 	 0.000000
1517 	 0.000000
1518 	 0.000000
1519 	 0.000000
1520 	 0.000000
1521 	 0.000000
1522 	 0.000000
1523 	 0.000000
1524 	 0.000000
1525 	 0.000000
1526 	 0.000000
1527 	 0.000000
1528 	 0.000000
1529 	 0.000000
1530 	 0.000000
1531 	 0.000000
1532 	 0.000000
1533 	 0.000000
1534 	 0.000000
1535 	 0.000000
1536 	 0.000000
1537 	 0.000000
1538 	 0.000000
1539 	 0.000000
1540 	 0.000000
1541 	 0.000000
1542 	 0.000000
1543 	 0.000000
1544 	 0.000000
1545 	 0.000000
1546 	 0.000000
1547 	 0.000000
1548 	 0.000000
1549 	 0.000000
1550 	 0.000000
1551 	 0.000000
1552 	 0.000000
1553 	 0.000000
1554 	 0.000000
1555 	 0.000000
1556 	 0.000000
1557 	 0.000000
1558 	 0.000000
1559 	 0.000000
1560 	 0.000000
1561 	 0.000000
1562 	 0.000000
1563 	 0.000000
1564 	 0.000000
1565 	 0.000000
1566 	 0.000000
1567 	 0.000000
1568 	 0.000000
1569 	 0.000000
1570 	 0.000000
1571 	 0.000000
1572 	 0.000000
1573 	 0.000000
1574 	 0.000000
1575 	 0.000000
1576 	 0.000000
1577 	 0.000000
1578 	 0.000000
1579 	 0.000000
1580 	 0.000000
1581 	 0.000000
1582 	 0.000000
1583 	 0.000000
1584 	 0.000000
1585 	 0.000000
1586 	 0.000000
1587 	 0.000000
1588 	 0.000000
1589 	 0.000000
1590 	 0.000000
1591 	 0.000000
1592 	 0.000000
1593 	 0.000000
1594 	 0.000000
1595 	 0.000000
1596 	 0.000000
1597 	 0.000000
1598 	 0.000000
1599 	 0.000000
1600 	 0.000000
1601 	 0.000000
1602 	 0.000000
1603 	 0.000000
1604 	 0.000000
1605 	 0.000000
1606 	 0.000000
1607 	 0.000000
1608 	 0.000000
1609 	 0.000000
1610 	 0.000000
1611 	 0.000000
1612 	 0.000000
1613 	 0.000000
1614 	 0.000000
1615 	 0.000000
1616 	 0.000000
1617 	 0.000000
1618 	 0.000000
1619 	 0.000000
1620 	 0.000000
1621 	 0.000000
1622 	 0.000000
1623 	 0.000000
1624 	 0.000000
1625 	 0.000000
1626 	 0.000000
1627 	 0.000000
1628 	 0.000000
1629 	 0.000000
1630 	 0.000000
1631 	 0.000000
1632 	 0.000000
1633 	 0.000000
1634 	 0.000000
1635 	 0.000000
1636 	 0.000000
1637 	 0.000000
1638 	 0.000000
1639 	 0.000000
1640 	 0.000000
1641 	 0.000000
1642 	 0.000000
1643 	 0.000000
1644 	 0.000000
1645 	 0.000000
1646 	 0.000000
1647 	 0.000000
1648 	 0.000000
1649 	 0.000000
1650 	 0.000000
1651 	 0.000000
1652 	 0.000000
1653 	 0.000000
1654 	 0.000000
1655 	 0.000000
1656 	 0.000000
1657 	 0.000000
1658 	 0.000000
1659 	 0.000000
1660 	 0.000000
1661 	 0.000000
1662 	 0.000000
1663 	 0.000000
1664 	 0.000000
1665 	 0.000000
1666 	 0.000000
1667 	 0.000000
1668 	 0.000000
1669 	 0.000000
1670 	 0.000000
1671 	 0.000000
1672 	 0.000000
1673 	 0.000000
1674 	 0.000000
1675 	 0.000000
1676 	 0.000000
1677 	 0.000000
1678 	 0.000000
1679 	 0.000000
1680 	 0.000000
1681 	 0.000000
1682 	 0.000000
1683 	 0.000000
1684 	 0.000000
1685 	 0.000000
1686 	 0.000000
1687 	 0.000000
1688 	 0.000000
1689 	 0.000000
1690 	 0.000000
1691 	 0.000000
1692 	 0.000000
1693 	 0.000000
1694 	 0.000000
1695 	 0.000000
1696 	 0.000000
1697 	 0.000000
1698 	 0.000000
1699 	 0.000000
1700 	 0.000000
1701 	 0.000000
1702 	 0.000000
1703 	 0.000000
1704 	 0.000000
1705 	 0.000000
1706 	 0.000000
1707 	 0.000000
1708 	 0.000000
1709 	 0.000000
1710 	 0.000000
1711 	 0.000000
1712 	 0.000000
1713 	 0.000000
1714 	 0.000000
1715 	 0.000000
1716 	 0.000000
1717 	 0.000000
1718 	 0.000000
1719 	 0.000000
1720 	 0.000000
1721 	 0.000000
1722 	 0.000000
1723 	 0.000000
1724 	 0.000000
1725 	 0.000000
1726 	 0.000000
1727 	 0.000000
1728 	 0.000000
1729 	 0.000000
1730 	 0.000000
1731 	 0.000000
1732 	 0.000000
1733 	 0.000000
1734 	 0.000000
1735 	 0.000000
1736 	 0.000000
1737 	 0.000000
1738 	 0.000000
1739 	 0.000000
1740 	 0.000000
1741 	 0.000000
1742 	 0.000000
1743 	 0.000000
1744 	 0.000000
1745 	 0.000000
1746 	 0.000000
1747 	 0.000000
1748 	 0.000000
1749 	 0.000000
1750 	 0.000000
1751 	 0.000000
1752 	 0.000000
1753 	 0.000000
1754 	 0.000000
1755 	 0.000000
1756 	 0.000000
1757 	 0.000000
1758 	 0.000000
1759 	 0.000000
1760 	 0.000000
1761 	 0.000000
1762 	 0.000000
1763 	 0.000000
1764 	 0.000000
1765 	 0.000000
1766 	 0.000000
1767 	 0.000000
1768 	 0.000000
1769 	 0.000000
1770 	 0.000000
1771 	 0.000000
1772 	 0.000000
1773 	 0.000000
1774 	 0.000000
1775 	 0.000000
1776 	 0.000000
1777 	 0.000000
1778 	 0.000000
1779 	 0.000000
1780 	 0.000000
1781 	 0.000000
1782 	 0.000000
1783 	 0.000000
1784 	 0.000000
1785 	 0.000000
1786 	 0.000000
1787 	 0.000000
1788 	 0.000000
1789 	 0.000000
1790 	 0.000000
1791 	 0.000000
1792 	 0.000000
1793 	 0.000000
1794 	 0.000000
1795 	 0.000000
1796 	 0.000000
1797 	 0.000000
1798 	 0.000000
1799 	 0.000000
1800 	 0.000000
1801 	 0.000000
1802 	 0.000000
1803 	 0.000000
1804 	 0.000000
1805 	 0.000000
1806 	 0.000000
1807 	 0.000000
1808 	 0.000000
1809 	 0.000000
1810 	 0.000000
1811 	 0.000000
1812 	 0.000000
1813 	 0.000000
1814 	 0.000000
1815 	 0.000000
1816 	 0.000000
1817 	 0.000000
1818 	 0.000000
1819 	 0.000000
1820 	 0.000000
1821 	 0.000000
1822 	 0.000000
1823 	 0.000000
1824 	 0.000000
1825 	 0.000000
1826 	 0.000000
1827 	 0.000000
1828 	 0.000000
1829 	 0.000000
1830 	 0.000000
1831 	 0.000000
1832 	 0.000000
1833 	 0.000000
1834 	 0.000000
1835 	 0.000000
1836 	 0.000000
1837 	 0.000000
1838 	 0.000000
1839 	 0.000000
1840 	 0.000000
1841 	 0.000000
1842 	 0.000000
1843 	 0.000000
1844 	 0.000000
1845 	 0.000000
1846 	 0.000000
1847 	 0.000000
1848 	 0.000000
1849 	 0.000000
1850 	 0.000000
1851 	 0.000000
1852 	 0.000000
1853 	 0.000000
1854 	 0.000000
1855 	 0.000000
1856 	 0.000000
1857 	 0.000000
1858 	 0.000000
1859 	 0.000000
1860 	 0.000000
1861 	 0.000000
1862 	 0.000000
1863 	 0.000000
1864 	 0.000000
1865 	 0.000000
1866 	 0.000000
1867 	 0.000000
1868 	 0.000000
1869 	 0.000000
1870 	 0.000000
1871 	 0.000000
1872 	 0.000000
1873 	 0.000000
1874 	 0.000000
1875 	 0.000000
1876 	 0.000000
1877 	 0.000000
1878 	 0.000000
1879 	 0.000000
1880 	 0.000000
1881 	 0.000000
1882 	 0.000000
1883 	 0.000000
1884 	 0.000000
1885 	 0.000000
1886 	 0.000000
1887 	 0.000000
1888 	 0.000000
1889 	 0.000000
1890 	 0.000000
1891 	 0.000000
1892 	 0.000000
1893 	 0.000000
1894 	 0.000000
1895 	 0.000000
1896 	 0.000000
1897 	 0.000000
1898 	 0.000000
1899 	 0.000000
1900 	 0.000000
1901 	 0.000000
1902 	 0.000000
1903 	 0.000000
1904 	 0.000000
1905 	 0.000000
1906 	 0.000000
1907 	 0.000000
1908 	 0.000000
1909 	 0.000000
1910 	 0.000000
1911 	 0.000000
1912 	 0.000000
1913 	 0.000000
1914 	 0.000000
1915 	 0.000000
1916 	 0.000000
1917 	 0.000000
1918 	 0.000000
1919 	 0.000000
1920 	 0.000000
1921 	 0.000000
1922 	 0.000000
1923 	 0.000000
1924 	 0.000000
1925 	 0.000000
1926 	 0.000000
1927 	 0.000000
1928 	 0.000000
1929 	 0.000000
1930 	 0.000000
1931 	 0.000000
1932 	 0.000000
1933 	 0.000000
1934 	 0.000000
1935 	 0.000000
1936 	 0.000000
1937 	 0.000000
1938 	 0.000000
1939 	 0.000000
1940 	 0.000000
1941 	 0.000000
1942 	 0.000000
1943 	 0.000000
1944 	 0.000000
1945 	 0.000000
1946 	 0.000000
1947 	 0.000000
1948 	 0.000000
1949 	 0.000000
1950 	 0.000000
1951 	 0.000000
1952 	 0.000000
1953 	 0.000000
1954 	 0.000000
1955 	 0.000000
1956 	 0.000000
1957 	 0.000000
1958 	 0.000000
1959 	 0.000000
1960 	 0.000000
1961 	 0.000000
1962 	 0.000000
1963 	 0.000000
1964 	 0.000000
1965 	 0.000000
1966 	 0.000000
1967 	 0.000000
1968 	 0.000000
1969 	 0.000000
1970 	 0.000000
1971 	 0.000000
1972 	 0.000000
1973 	 0.000000
1974 	 0.000000
1975 	 0.000000
1976 	 0.000000
1977 	 0.000000
1978 	 0.000000
1979 	 0.000000
1980 	 0.000000
1981 	 0.000000
1982 	 0.000000
1983 	 0.000000
1984 	 0.000000
1985 	 0.000000
1986 	 0.000000
1987 	 0.000000
1988 	 0.000000
1989 	 0.000000
1990 	 0.000000
1991 	 0.000000
1992 	 0.000000
1993 	 0.000000
1994 	 0.000000
1995 	 0.000000
1996 	 0.000000
1997 	 0.000000
1998 	 0.000000
1999 	 0.000000
